523.251160 0.474604 17 0.462823 
523.251160 0.474604 18 0.357472 
523.251160 0.474604 19 0.243320 
523.251160 0.474604 20 0.123176 
523.251160 0.474604 21 -0.000001 
523.251160 0.474604 22 -0.123177 
523.251160 0.474604 23 -0.243321 
523.251160 0.474604 24 -0.357474 
523.251160 0.474604 25 -0.462824 
523.251160 0.474604 26 -0.556778 
523.251160 0.474604 27 -0.637022 
523.251160 0.474604 28 -0.701580 
523.251160 0.474604 29 -0.748864 
523.251160 0.474604 30 -0.777708 
523.251160 0.474604 31 -0.787402 
523.251160 0.474604 32 -0.777707 
523.251160 0.474604 33 -0.748863 
523.251160 0.474604 34 -0.701579 
523.251160 0.474604 35 -0.637020 
523.251160 0.474604 36 -0.556776 
523.251160 0.474604 37 -0.462822 
523.251160 0.474604 38 -0.357471 
523.251160 0.474604 39 -0.243319 
523.251160 0.474604 40 -0.123175 
523.251160 0.474604 1 0.000000 
523.251160 0.474604 2 0.123177 
523.251160 0.474604 3 0.243320 
523.251160 0.474604 4 0.357473 
523.251160 0.474604 5 0.462823 
523.251160 0.474604 6 0.556777 
523.251160 0.474604 7 0.637021 
523.251160 0.474604 8 0.701580 
